47030 
189932 
385252 
886856 
962871 
1175434 
1198001 
1525963 
1591385 
1597480 
1983321 
2131628 
2395596 
2682762 
2688979 
2822786 
2839205 
3184806 
3326978 
3436653 
3442043 
3464353 
3650756 
3757106 
4285399 
4315472 
4395726 
4551937 
4901663 
4976956 
5111727 
5592741 
5738364 
6632363 
7484395 
7506971 
7710988 
7829290 
7854231 
8097718 
8208757 
8324242 
8397021 
8573313 
8749409 
8893567 
8948116 
9069929 
9670621 
9831414 
10120451 
10250280 
10466186 
10689133 
10751125 
10837489 
10900082 
11186164 
11187247 
11589760 
11774380 
11793836 
11816517 
11861615 
12417011 
12904502 
13132625 
13170605 
13223510 
13414533 
13697796 
13722252 
13882610 
13910350 
14011597 
14065567 
14179805 
14189311 
14331882 
15159193 
15642510 
15738860 
15842425 
15869429 
15876402 
15880860 
15931443 
15951494 
15956488 
15963697 
16108766 
16121274 
16213590 
16345558 
16444458 
16652020 
16833967 
17140020 
17259140 
17696721 
18318891 
18403146 
18903355 
18984586 
19247491 
19349062 
19429814 
19629147 
19768003 
19798848 
20371027 
20757546 
20768702 
20778946 
20814512 
20973194 
21001716 
21237330 
21337102 
21752809 
21804621 
21890466 
21946042 
22044157 
22063609 
22476434 
22765824 
22773031 
22851205 
22938213 
23023605 
23055006 
23125194 
23414651 
23442682 
23449734 
23533327 
24059796 
24068126 
24292271 
24788615 
24868563 
25051206 
25120462 
25290244 
25351715 
25465420 
25607202 
25828613 
25897035 
26209711 
26910268 
27017355 
27095536 
27162742 
27466053 
27478856 
28109681 
28185122 
28608570 
28833900 
29269173 
29288308 
29357605 
29709336 
29930524 
30028690 
30099373 
30442909 
31072878 
31095433 
31252725 
31261278 
31275849 
31469800 
31582015 
31795388 
31995784 
32204773 
32215606 
32309351 
32692667 
32795192 
32814298 
33035996 
33349803 
33631816 
33814831 
34293855 
34361602 
34418688 
34429023 
34955808 
35186634 
35196976 
35273066 
35656147 
35792354 
35808184 
36133266 
36192516 
36209519 
36895161 
38101403 
38129397 
38514657 
38645874 
38778083 
39009894 
39316623 
39667714 
39777792 
40742209 
40793225 
40929422 
41079580 
41162501 
41438048 
41566153 
41591897 
42256965 
42272142 
42796362 
43096404 
43479810 
43732083 
43790448 
44043558 
44682254 
44952971 
44959708 
45177715 
45627113 
46236872 
46397076 
46676763 
46752892 
46845850 
46986515 
47428663 
47628495 
47896363 
48180243 
48335227 
48412838 
48591211 
48622624 
48931983 
49206649 
49499243 
49617456 
50146482 
50675476 
50947732 
50963395 
51087622 
51370933 
51661246 
51852191 
52046950 
52133548 
52179975 
52452975 
52655128 
53133963 
53350866 
53464299 
53705079 
54047402 
54758609 
54864576 
55224634 
55370998 
55489712 
55644899 
55651976 
56063415 
56071664 
56261766 
56637681 
56981961 
57095591 
57640660 
57720813 
58007907 
58314871 
58465905 
58561026 
58600673 
58680276 
58695960 
58758777 
59201497 
59376329 
59871354 
59978868 
60043370 
60049567 
60159816 
60616577 
61051196 
61351879 
61447583 
61559050 
61692216 
61786130 
61907692 
62286759 
62326448 
62337098 
62379720 
62697771 
62810192 
62985247 
63190432 
63222161 
63638234 
63828961 
64046580 
64213124 
64422949 
64533905 
64866004 
64959139 
64995204 
65000331 
65178041 
65320857 
65399061 
65447411 
65470302 
65473725 
65691398 
65920783 
66106192 
66897598 
67378735 
67476555 
67530124 
67832526 
68551214 
68564305 
68601334 
68767155 
69029352 
69150262 
69159180 
69459798 
69833376 
70171164 
70265176 
70288197 
70386765 
70535314 
70544919 
70906065 
71612462 
71931344 
71996241 
72329656 
72444049 
72516690 
72574800 
72771024 
73013355 
73090458 
73261215 
73552318 
73591473 
73667564 
73888630 
74341465 
74634471 
74849940 
74868950 
74897054 
74897799 
75575730 
75771015 
76301599 
76354736 
76568691 
76592308 
76604310 
76666258 
76747138 
76887275 
77234146 
77363876 
77401174 
77424437 
77527238 
77801181 
77830626 
78010630 
78311091 
78311956 
78661653 
78805917 
78819681 
78944930 
79249882 
79280915 
79655184 
79659569 
79894376 
79909502 
79966821 
80117203 
80485880 
80515499 
80637243 
80727275 
81087573 
81089624 
81358004 
81620297 
82013704 
82130045 
82182501 
82186535 
82318886 
82619654 
82786741 
83016086 
83233594 
83355047 
83520941 
83548536 
83779981 
84400235 
84807183 
85052792 
85064585 
85122449 
85159314 
85346429 
85392803 
85701265 
86013035 
86205938 
86297905 
86465488 
86500779 
86523823 
86610755 
86942684 
86973998 
87135964 
87194261 
87198337 
87706722 
87745895 
87844722 
88034487 
88217786 
88223453 
88442141 
88473596 
88513402 
88615567 
88850302 
88915013 
89406604 
89413833 
89611996 
89943120 
89992523 
90000059 
90161436 
90303889 
90548034 
90887942 
90977880 
91129962 
91310184 
91364398 
91644705 
91739820 
91832675 
92657639 
92778287 
92835043 
93417638 
93426873 
93478902 
93786277 
93952283 
93982833 
93986420 
94017602 
94494964 
94663292 
94673185 
94753161 
94794576 
95002423 
95151959 
95164402 
95335657 
95349890 
95468535 
95577557 
95649239 
96009282 
96010248 
96197827 
96389384 
96457683 
96480956 
96526964 
96659919 
96735667 
97092823 
97181833 
97482083 
97538577 
97924466 
98097759 
98251082 
98621515 
98672802 
98709773 
98927380 
99125646 
99197328 
99322500 
99346416 
99500954 
99600446 
99730627 
99803310 
100006867 
100324312 
100398473 
100776057 
101216483 
101479052 
101749687 
101751260 
101780430 
102280249 
102346203 
103009200 
103322110 
103408256 
103791517 
104378390 
104577316 
104729395 
105317303 
105352825 
105384074 
105574420 
106382836 
106429221 
106429873 
106472765 
106729378 
107051741 
107079741 
107149319 
107425076 
107642032 
107658262 
107747599 
107760364 
107791386 
107872959 
107904785 
108366675 
108493847 
108563806 
108688040 
108748544 
108995886 
109149702 
109315706 
109421644 
109611028 
109770278 
110005593 
110019907 
110092629 
110316808 
110583919 
110667724 
111235481 
111457929 
111545480 
111811099 
111818357 
111875630 
111978434 
112339098 
112486085 
112562084 
112579236 
112947531 
113157319 
113191543 
113426265 
113580460 
113802512 
114290053 
114483179 
114526898 
114690797 
115416465 
115612446 
115697867 
115773060 
115821433 
116290464 
116409663 
116536562 
116594301 
116617285 
116956842 
117091667 
117498357 
117637417 
118041222 
118112498 
118123078 
118558267 
118595981 
118612101 
119051123 
119173360 
119619979 
119803535 
120172936 
120396651 
120589701 
120657286 
120872125 
120961882 
121075516 
121134490 
121137923 
121777447 
122015984 
122016948 
122291607 
122355636 
122481275 
122861195 
123150534 
123192197 
123682054 
123712066 
123712332 
123767128 
123769416 
124062568 
124366050 
124610513 
124618864 
124636041 
124881819 
125011776 
125222542 
125239213 
125304816 
125772054 
125875070 
125993660 
126299001 
126396774 
126637567 
126931486 
127128415 
127160792 
127184220 
127195626 
127502085 
127535545 
127931371 
128007570 
128120387 
128245113 
128472881 
128505234 
128806635 
128966391 
129008432 
129138532 
129296828 
129353075 
129400907 
129500285 
129661164 
129868815 
129874856 
130300582 
130363818 
130774522 
131073606 
131099948 
131452193 
131476683 
132142804 
132247490 
132267421 
132661799 
132810942 
133070901 
133393794 
133969143 
134124516 
134173832 
134185170 
134370125 
134706403 
134747146 
134749178 
134975135 
135556815 
135929589 
136146478 
136391685 
137000897 
137061007 
137408562 
137746687 
138536115 
138872335 
138942478 
138956183 
139110461 
139122161 
139185186 
139378060 
139789024 
140143910 
140346406 
140369103 
140822538 
141124335 
141552010 
141722659 
141746456 
141779060 
141852651 
141973490 
141978816 
142162586 
142301558 
142540931 
142596968 
142648355 
142779771 
143330584 
143337212 
143354520 
143417891 
143749741 
143848504 
143946761 
144025263 
144053166 
144280586 
144427820 
144614738 
144711589 
144820736 
144920958 
145320393 
145328862 
145868692 
146543886 
146835497 
146878551 
147013618 
147521424 
147536886 
147803730 
147932951 
148536991 
148683267 
148709023 
148918616 
149270130 
149395530 
149541060 
149641039 
149671470 
149770533 
149863060 
150061952 
150098097 
150181076 
150222299 
150230866 
150238515 
150684289 
150839276 
151158782 
151486254 
151505203 
151590814 
151773807 
151840576 
151843804 
152041518 
152336398 
152640783 
152778641 
152816650 
153059101 
153072457 
153149452 
153591843 
153620481 
153831506 
154668938 
154879365 
154882983 
155159301 
155436153 
155517458 
155592630 
156247062 
156502597 
156575468 
157049595 
157156471 
157295816 
157720306 
158055850 
158221230 
158289997 
158580524 
158891279 
158998177 
159130534 
159218595 
159222059 
159252198 
159351927 
159388148 
159735427 
159808067 
160280205 
160328839 
160338897 
160409677 
160573670 
160587212 
160612214 
160614461 
160917719 
161202654 
161224986 
161367032 
161417859 
161431103 
161983909 
162279759 
162318038 
162366397 
162623359 
162653742 
162678452 
162903345 
163049574 
163069020 
163356532 
163598980 
163882850 
163990918 
164495801 
165051678 
165280860 
165446383 
165609410 
165639302 
165816365 
165974660 
166054021 
166110006 
166196633 
166662459 
166785930 
166859856 
166863449 
167018195 
167030225 
167242401 
167252442 
167881758 
168006409 
168116195 
168463477 
168595081 
168937604 
169012845 
169065657 
169193900 
169891945 
170005735 
170360551 
170566015 
170597349 
170882727 
171198399 
171422027 
171490332 
172521598 
172549793 
172827141 
172865123 
172922439 
173002982 
173056037 
173175820 
173607602 
173912481 
174073976 
174212887 
174581520 
174631176 
174773481 
174988882 
175028734 
175115880 
175476481 
175580753 
175609172 
176030314 
176213585 
176422954 
176649030 
177170622 
177232817 
177242243 
177413081 
177656007 
178385683 
178792320 
178859287 
179176021 
179280024 
179346850 
179616712 
179723451 
179777258 
180181087 
180282607 
180341672 
180431184 
180505502 
180884414 
181079947 
181327910 
181658364 
182093005 
182126817 
182162819 
182217522 
182237084 
182574858 
182756097 
182893068 
183088636 
183213182 
183260072 
183315113 
183348461 
183485542 
183895267 
183915342 
184077540 
184129908 
184166483 
184182633 
184208664 
184692720 
184901621 
184985204 
185351393 
185385257 
185695262 
185751477 
185802606 
186247341 
186266775 
186421532 
186460013 
186804363 
186828081 
186976575 
187082429 
187354658 
187575664 
187851239 
187853144 
188044917 
188120447 
188135812 
188177920 
188202195 
188388771 
188669374 
188881868 
188951313 
188967470 
189006717 
189072755 
189099988 
189757334 
189921626 
190085212 
190572464 
190895185 
191025367 
191162380 
191441270 
191613618 
191773040 
191880261 
193102480 
193334721 
193742917 
193771140 
193841846 
194132557 
194371604 
194394204 
194486765 
194858007 
194973968 
195480978 
195512524 
195758548 
196312547 
196369543 
196508726 
196771160 
196894363 
196899595 
196964659 
197334829 
197945164 
197992567 
198127153 
198418799 
198615003 
198862555 
198913890 
198931512 
198945283 
199113674 
199163890 
199203974 
199443175 
199477882 
199966180 
200106659 
200116559 
200306079 
200385645 
200667389 
201015492 
201093343 
201769321 
201836179 
201978227 
202856927 
203123000 
203246817 
203248607 
203610203 
203744691 
203758266 
204187994 
204193889 
204287617 
204422884 
204507997 
204665204 
204803617 
205112911 
205490723 
205681048 
205749870 
205799838 
205907614 
206044104 
206238008 
206415800 
206423812 
206513075 
206545284 
206654465 
206873410 
206938893 
207285518 
207298063 
207561539 
208149734 
208282159 
208441817 
208613839 
208835813 
209066340 
209431115 
209455977 
209611795 
209814094 
210278280 
210432759 
210445733 
210537210 
211171392 
211369780 
211914878 
212116194 
212410306 
212530827 
212920471 
213079459 
213361346 
213546769 
213587681 
213855941 
213907276 
214621023 
214904586 
215177976 
215265172 
215510243 
215514706 
215672311 
215938859 
216158690 
216321697 
216573808 
216767755 
216783555 
216786826 
216962750 
217442407 
217666036 
218026752 
218292107 
218768137 
219120398 
219343307 
219473178 
219812965 
219879027 
219897895 
220181897 
220266255 
220318338 
220925623 
221193630 
221441965 
221553185 
221671723 
221934377 
222112274 
222168971 
222464149 
222539591 
223304054 
223355769 
223427614 
223587233 
224217637 
224381881 
224446767 
224478752 
225343498 
225490630 
225574175 
225795589 
226182124 
226233501 
226272710 
226293151 
226632252 
227128018 
227528079 
227538605 
227814554 
227937022 
227961706 
228465330 
228548790 
228825720 
229179877 
229476928 
229622841 
229644862 
229702195 
229848184 
230220817 
230245895 
230352910 
230392011 
230523967 
231045290 
231120942 
231418954 
232174049 
232566598 
233616058 
233860930 
233938550 
233968460 
234027205 
234205568 
234305124 
234355118 
234486910 
234709530 
234845555 
235235523 
235434724 
235502475 
236038978 
236041193 
237546142 
237626950 
238025979 
238319951 
238677423 
238681401 
238918996 
238987983 
239938451 
239996498 
240062457 
240588435 
240761059 
240871152 
240999392 
241098047 
241143825 
241557976 
241663468 
242559322 
242622177 
242654726 
242875044 
243030510 
243623365 
243702765 
243724981 
243907110 
243914886 
244445310 
244643395 
245037366 
245132530 
245194647 
245272491 
245281619 
245998050 
246296965 
246485219 
246538755 
246714861 
247458019 
247951591 
248101593 
248360770 
248526863 
249067332 
249128017 
249425811 
249875626 
250363979 
250419702 
250421093 
250471426 
250566655 
250665700 
250890801 
251132438 
251153884 
251442181 
251644117 
252181408 
252290310 
252532416 
252755224 
252898342 
252952052 
253011258 
253215779 
253333031 
253342769 
253499349 
253670620 
253735579 
254095644 
254362477 
254366822 
254405455 
254494186 
254527805 
254577424 
254660199 
254773956 
254784860 
254926469 
255025721 
255026928 
255069831 
255357645 
255385022 
255525584 
255547042 
255964369 
256223920 
256237531 
256346512 
256762694 
257083934 
257642169 
257659196 
257731132 
258033990 
258196488 
258317814 
258711105 
259198312 
259281506 
259305385 
259451225 
259453761 
259521291 
259572331 
259598227 
259969907 
260032996 
260106996 
260126854 
260260679 
260275853 
260895297 
260977118 
261433935 
261441150 
261484344 
261801070 
261801355 
262097622 
262109571 
262157042 
262310475 
262425360 
262558389 
262565174 
262615633 
263193458 
263200460 
263332599 
263506093 
263655586 
263765513 
263766215 
263834333 
263842434 
264077191 
264104395 
264229537 
264717971 
264723392 
265001524 
265031193 
265351488 
265408791 
266276851 
266325093 
266372773 
266522630 
266755976 
266820204 
266885990 
266934750 
266935845 
266972065 
267278540 
267280917 
267308617 
267608395 
267767341 
267936438 
267945187 
268283324 
268371739 
268622299 
268654271 
268776718 
269505706 
269596044 
269631560 
269742488 
270381797 
270427909 
270694996 
270784892 
270996384 
270996770 
271104355 
271696060 
271841159 
272119003 
272237305 
272510973 
273090214 
273228513 
273420181 
273556790 
273745174 
273822416 
273902528 
273959782 
274068222 
274157081 
274217793 
274285183 
274371554 
274683660 
275036704 
275114609 
275210723 
275362978 
275726796 
275741782 
275844517 
275881192 
276052922 
276090510 
276099965 
276128375 
276165528 
276264485 
276352193 
276490815 
276521813 
276597331 
276634283 
277375815 
277601224 
277733440 
277964395 
278266985 
278272875 
278350881 
278357195 
278610771 
278804049 
279066916 
279610663 
279661735 
279773059 
279885898 
280323214 
280917733 
280972098 
281762838 
281773167 
281910071 
282105190 
282696385 
283308634 
283538352 
284199885 
284320922 
284515101 
284581530 
284810478 
285388283 
285424054 
286009236 
286052748 
286527502 
286731499 
286990342 
287024840 
287370171 
287492236 
287519309 
287675462 
288128662 
288148294 
288207598 
288419487 
288422329 
288455176 
288593294 
288618130 
288882007 
288977675 
289235172 
289374674 
289651769 
290003036 
290185277 
290443925 
291065531 
291219745 
291241747 
291260762 
291567341 
291984757 
292285852 
292350676 
292457500 
292648256 
292875894 
292989234 
293051014 
293528472 
293660387 
293744662 
293897563 
294071309 
294103709 
294165808 
294288577 
294437372 
294652063 
294673695 
294715895 
294816912 
295319270 
295366657 
295379468 
295670695 
295765655 
295839515 
296316043 
296426475 
296488691 
296553121 
296642991 
296987894 
297207437 
297226954 
297434714 
297524074 
297911243 
297944527 
298387160 
298727894 
298765034 
299001344 
299087290 
299188143 
299305155 
299312647 
299330153 
299620561 
299652498 
300074852 
300333843 
300710113 
300934501 
301061885 
301205429 
301300177 
301408651 
301549018 
301995037 
302277935 
302311013 
302427319 
302958857 
303298080 
303499278 
303644577 
303703515 
303872403 
303883841 
304322527 
304549042 
305267525 
305831651 
305994353 
306288902 
307053364 
307132470 
307240167 
307543428 
307785761 
308193080 
308212117 
308234830 
308297397 
308377425 
308764184 
308951134 
309076070 
309258553 
309425049 
309716456 
310079664 
310210727 
310625332 
310706361 
310802023 
310880318 
311131894 
311176329 
311327955 
311361862 
311483652 
311632425 
312085549 
312471540 
312637223 
312768954 
313021046 
313242701 
313400903 
313734000 
313896550 
314045545 
314277562 
314899624 
315328009 
315630847 
315683319 
316430905 
317072143 
317262904 
317404178 
317677522 
317782982 
318022108 
318153909 
318202579 
318467510 
318559610 
318686740 
318784144 
319003889 
319451265 
319596364 
319682514 
319884657 
319996323 
320030906 
320246584 
320320763 
320564074 
320890562 
321451505 
321712241 
321873258 
322070689 
322121411 
322448291 
322825588 
322892602 
323387841 
323450937 
324051115 
324064777 
324130842 
324434209 
324621060 
324726229 
324896832 
325020591 
325139398 
325512509 
325554724 
325569895 
325616745 
325636082 
325738893 
325867621 
326239704 
326274724 
326403555 
326510898 
326616145 
326863303 
326895134 
327291062 
327534031 
328206277 
328388292 
328452029 
328743140 
329078470 
329113481 
329143998 
329152358 
329230597 
329275579 
329338093 
329510335 
329629540 
329700809 
330104372 
330270203 
330471831 
330546282 
330566403 
330813274 
330981199 
331332893 
331808114 
331880071 
332036008 
332634852 
332802381 
332906414 
333249162 
333278597 
333392178 
333411900 
333508356 
334002445 
334274102 
334283041 
334417525 
334611623 
334726543 
334733713 
334847252 
335498456 
335631344 
335848925 
336048445 
336300819 
336533404 
336584065 
336898003 
336956723 
337104659 
337395177 
337514033 
338006169 
338073788 
338428957 
338683532 
338855421 
339288105 
339419831 
339483245 
339516745 
339546640 
339686228 
339708393 
339830890 
340009340 
340097118 
340187614 
340416116 
340543262 
340703355 
341187491 
341245297 
341822147 
342472821 
342650766 
342665588 
342776294 
342961165 
343500055 
343636707 
343910988 
344224348 
344255315 
344320071 
344534445 
344761800 
345114049 
345289683 
345338338 
345375401 
345407854 
345545869 
345598478 
345692177 
345738269 
346028548 
346067265 
346381632 
346417974 
346649706 
347073337 
347373641 
347914976 
348352309 
348363384 
348666081 
349114935 
349276224 
350014015 
350140678 
350413632 
350485951 
350595066 
350863952 
351244262 
351568888 
351742508 
351978673 
351978862 
352150019 
352175068 
352309153 
352608989 
353105307 
353255968 
353271389 
353562158 
354013566 
354025271 
354324669 
354394008 
354484786 
354556662 
354572552 
354655539 
354802795 
354921150 
355745580 
356586868 
356650606 
356834779 
357106502 
357231111 
357697018 
358125198 
358488598 
359116780 
359897369 
360688452 
360930093 
360981063 
361075904 
361227682 
361396406 
362043696 
362259894 
362306597 
362912866 
363439660 
363552492 
363678914 
363926127 
364158527 
364172880 
364219524 
364348609 
365038417 
365452449 
365684018 
365869249 
365869724 
366183696 
366301242 
366525993 
366633962 
366760538 
366813717 
366997321 
367293545 
367468425 
367494891 
368057240 
368497151 
368501200 
368819971 
368824483 
369346113 
369375434 
369472410 
369533248 
369666504 
369701272 
369725608 
369754845 
369942732 
370306769 
371079611 
371179598 
371210204 
371961079 
372102641 
372152733 
372216434 
372227023 
372348704 
372466474 
372581841 
372921036 
372931488 
373113320 
373302584 
373433647 
373555285 
373668012 
373680001 
373781293 
374065427 
374301931 
374490230 
374539547 
374857536 
374872270 
374909833 
375319263 
375448419 
375740028 
376214627 
376464353 
376734082 
376758176 
377002168 
377006614 
377082026 
377245262 
377360392 
377533476 
377538586 
377832019 
377839099 
377864020 
377976227 
378009817 
378138482 
378171715 
378620014 
378688672 
378691857 
378821574 
378929772 
378990921 
379075037 
379087039 
379115884 
379118020 
379134731 
379153206 
379211878 
379274469 
379598194 
379864523 
379997569 
380498255 
380610126 
381082104 
381123826 
381329045 
381340198 
381354796 
382239678 
382352239 
382539115 
383107707 
383151965 
383180437 
383324877 
383500897 
383819114 
384602525 
384889117 
384970567 
385452545 
385857737 
386556878 
386733168 
386858533 
386969067 
386981554 
387401694 
387579811 
387582409 
387733865 
387794338 
387804069 
387823372 
388080208 
388099220 
388318354 
389056627 
389234627 
389712384 
389744466 
390114258 
390138605 
390146178 
390342079 
391104175 
391115402 
391125341 
391417217 
391663352 
392121776 
392239865 
392598615 
392660874 
392995124 
393061030 
393396596 
393798129 
394123266 
394211394 
394294866 
394528541 
394842531 
394904925 
395531811 
395648035 
395746928 
396184539 
396261698 
396268439 
396342822 
396361892 
396693891 
396814497 
396911808 
397170075 
397284636 
397428564 
397460889 
397507645 
397588297 
398030078 
398393956 
398404025 
398473128 
398666566 
398680173 
398964843 
399259067 
399525594 
399528291 
399595801 
399701531 
400025590 
400233534 
400599368 
400950020 
401035977 
401377225 
401393373 
401402742 
401498294 
401691776 
401993673 
402003087 
402064477 
402256023 
402261274 
402511623 
402656954 
402885478 
402988161 
403039391 
403046742 
403183689 
403528136 
403570808 
403673649 
403980968 
404754152 
404785994 
405144841 
405227330 
405501329 
405535217 
405702117 
405810146 
405816436 
406966502 
407049693 
407074034 
407516914 
407585847 
407651923 
407704028 
408198543 
408204751 
408238717 
408284408 
408399774 
408427377 
408676982 
408681358 
409019970 
409177511 
409375615 
409999214 
410027871 
410052072 
410163913 
410408856 
410717821 
410750020 
410950427 
411245065 
411256537 
411340378 
411515229 
411557811 
411750956 
411956853 
412164672 
412222633 
412424612 
412556535 
412590674 
412844020 
413191117 
413275769 
414107523 
414645017 
414679819 
414726465 
414918542 
415792117 
415998428 
416001412 
416166311 
416251524 
416277026 
416632494 
416736678 
417097060 
417342480 
417466267 
417484330 
417518749 
417535877 
417650843 
